Serial Send: 7d 00 31 10 06 2b 00 01 00 00 00 01 00 00 06 c4 11 87 01 07 d0 01 00 00 00 00 00 00 b4 03 20 19 09 26 00 00 00 20 29 09 23 00 00 00 00 00 00 00 00 00 00 00 00 00 00 c5 3d 7e 

Select CPU cos: 00 a4 04 00 08 a0 00 00 06 32 01 01 05 
icmd : : 00A4040008A000000632010105
  resv: : 6A82

Select CPU cos: 00 a4 00 00 02 3f 00 
icmd : : 00A40000023F00
  resv: : 6F15840E315041592E5359532E4444463031A5038801019000

Select CPU return: 6f 15 84 0e 31 50 41 59 2e 53 59 53 2e 44 44 46 30 31 a5 03 88 01 01 

Read 05 File cos: 00 b0 85 00 00 
icmd : : 00B0850000
  resv: : 00011100000300010001000006C4118700012019012100000000000300019000

Read 05 File return: 00 01 11 00 00 03 00 01 00 01 00 00 06 c4 11 87 00 01 20 19 01 21 00 00 00 00 00 03 00 01 
11111111111111111111111
111111111110
111111111111

Select CPU cos: 00 a4 00 00 02 10 01 
icmd : : 00A40000021001
  resv: : 6F2E8409A00000000386980701A5219F0C1E0001110000030000030111000001000006C41187201909262029092300009000

Select CPU return: 6f 2e 84 09 a0 00 00 00 03 86 98 07 01 a5 21 9f 0c 1e 00 01 11 00 00 03 00 00 03 01 11 00 00 01 00 00 06 c4 11 87 20 19 09 26 20 29 09 23 00 00 

Get Balance cos: 80 5c 00 02 04 
icmd : : 805C000204
  resv: : 000000009000

Get Balance return: 00 00 00 00 

Read 15 File cos: 00 b0 95 00 00 
icmd : : 00B0950000
  resv: : 0001110000030000030111000001000006C41187201909262029092300009000

Read 15 File return: 00 01 11 00 00 03 00 00 03 01 11 00 00 01 00 00 06 c4 11 87 20 19 09 26 20 29 09 23 00 00 

Read 16 File cos: 00 b0 96 00 00 
icmd : : 00B0960000
  resv: : 0000000000000000000000000000000000000000000000000000000000000000000000000000000000000000000000000000000000000007D000000000000000000000000000000000000000000000009000

Read 16 File return: 00 00 00 00 00 00 00 00 00 00 00 00 00 00 00 00 00 00 00 00 00 00 00 00 00 00 00 00 00 00 00 00 00 00 00 00 00 00 00 00 00 00 00 00 00 00 00 00 00 00 00 00 00 00 00 07 d0 00 00 00 00 00 00 00 00 00 00 00 00 00 00 00 00 00 00 00 00 00 00 00 

Read 18 File cos: 00 b2 01 c4 00 
icmd : : 00B201C400
  resv: : 18970000000000000009110004001067202001071653379000

Read 18 File return: 18 97 00 00 00 00 00 00 00 09 11 00 04 00 10 67 20 20 01 07 16 53 37 

Read 18 File cos: 00 b2 02 c4 00 
icmd : : 00B202C400
  resv: : 18960000000000000009110004001067202001071653369000

Read 18 File return: 18 96 00 00 00 00 00 00 00 09 11 00 04 00 10 67 20 20 01 07 16 53 36 

Read 18 File cos: 00 b2 03 c4 00 
icmd : : 00B203C400
  resv: : 18950000000000000009110004001067202001071653359000

Read 18 File return: 18 95 00 00 00 00 00 00 00 09 11 00 04 00 10 67 20 20 01 07 16 53 35 

Read 18 File cos: 00 b2 04 c4 00 
icmd : : 00B204C400
  resv: : 18940000000000000009110004001067202001071653339000

Read 18 File return: 18 94 00 00 00 00 00 00 00 09 11 00 04 00 10 67 20 20 01 07 16 53 33 

Read 18 File cos: 00 b2 05 c4 00 
icmd : : 00B205C400
  resv: : 18930000000000000009110004001067202001071653329000

Read 18 File return: 18 93 00 00 00 00 00 00 00 09 11 00 04 00 10 67 20 20 01 07 16 53 32 

Read 18 File cos: 00 b2 06 c4 00 
icmd : : 00B206C400
  resv: : 18920000000000000009110004001067202001071653309000

Read 18 File return: 18 92 00 00 00 00 00 00 00 09 11 00 04 00 10 67 20 20 01 07 16 53 30 

Read 18 File cos: 00 b2 07 c4 00 
icmd : : 00B207C400
  resv: : 18910000000000000009110004001067202001071653299000

Read 18 File return: 18 91 00 00 00 00 00 00 00 09 11 00 04 00 10 67 20 20 01 07 16 53 29 

Read 18 File cos: 00 b2 08 c4 00 
icmd : : 00B208C400
  resv: : 18900000000000000009110004001067202001071653279000

Read 18 File return: 18 90 00 00 00 00 00 00 00 09 11 00 04 00 10 67 20 20 01 07 16 53 27 

Read 18 File cos: 00 b2 09 c4 00 
icmd : : 00B209C400
  resv: : 188F0000000000000009110004001067202001071653259000

Read 18 File return: 18 8f 00 00 00 00 00 00 00 09 11 00 04 00 10 67 20 20 01 07 16 53 25 

Read 18 File cos: 00 b2 0a c4 00 
icmd : : 00B20AC400
  resv: : 188E0000000000000009110004001067202001071653249000

Read 18 File return: 18 8e 00 00 00 00 00 00 00 09 11 00 04 00 10 67 20 20 01 07 16 53 24 

Read 1901 File cos: 00 b2 01 cc 00 
icmd : : 00B201CC00
  resv: : 014003160001765D00000079202001071653370000B400000000000100000000000000000000000000000000000000000000000000000000000000000000000000009000

Read 1901 File return: 01 40 03 16 00 01 76 5d 00 00 00 79 20 20 01 07 16 53 37 00 00 b4 00 00 00 00 00 01 00 00 00 00 00 00 00 00 00 00 00 00 00 00 00 00 00 00 00 00 00 00 00 00 00 00 00 00 00 00 00 00 00 00 00 00 00 00 

Read 1902 File cos: 00 b2 02 cc 00 
icmd : : 00B202CC00
  resv: : 02400000000000B8EFC100000079504F0D6503CA202001070B44000000000000000000000000000000000000000000000000000000000000000000000000000000009000

Read 1902 File return: 02 40 00 00 00 00 00 b8 ef c1 00 00 00 79 50 4f 0d 65 03 ca 20 20 01 07 0b 44 00 00 00 00 00 00 00 00 00 00 00 00 00 00 00 00 00 00 00 00 00 00 00 00 00 00 00 00 00 00 00 00 00 00 00 00 00 00 00 00 

ucCardLastSequence is 18 97 

ucCardLastReseved is 00 00 00 

ucCardLastTradeValue is 00 00 00 00 

ucCardLastTradeType is 09 

ucCardLastTerminalPsamID is 11 00 04 00 10 67 

ucCardLastTradeTime is 20 20 01 07 16 53 37 

ucCardLastRechargeSequence is 00 00 

ucCardLastRechargeReseved is 00 00 00 

ucCardLastRechargeTradeValue is 00 00 00 00 

ucCardLastRechargeTradeType is 00 

ucCardLastRechargeTerminalPsamID is 00 00 00 00 00 00 

ucCardLastRechargeTradeTime is 00 00 00 00 00 00 00 

ucCardLastConsumeSequence is 18 97 

ucCardLastConsumeReseved is 00 00 00 

ucCardLastConsumeTradeValue is 00 00 00 00 

ucCardLastConsumeTradeType is 09 

ucCardLastConsumeTerminalPsamID is 11 00 04 00 10 67 

ucCardLastConsumeTradeTime is 20 20 01 07 16 53 37 

Serial Received: 7d 00 08 10 08 42 30 30 30 30 30 31 63 31 0b 22 7e 

Biz Enter Station!!!

ucCardLastRechargeSequence is 00 00 

ucCardLastConsumeSequence is 18 97 

tEnterStationUD.ucCardRechargeSN is 00 00 

tEnterStationUD.ucCardConsumeSN is 18 97 

TypeA Enter!

Get Message cos: 80 ca 00 00 09 
icmd : : 80CA000009
  resv: : 818D12D79BD6DDDB469000

Get Message return: 81 8d 12 d7 9b d6 dd db 46 

Init for Capp Purchase cos: 80 50 03 02 0b 01 00 00 00 00 11 00 04 00 10 67 0f 
icmd : : 805003020B01000000001100040010670F
  resv: : 00000000189700000001004AC4369A9000

Init for Capp Purchase return: 00 00 00 00 18 97 00 00 00 01 00 4a c4 36 9a 

Authentication Message cos: 80 ca 00 00 09 81 8d 12 d7 9b d6 dd db 46 

 sam_apdu1,index=4
 sam apdu1 command:
  80 ca 00 00 09 81 8d 12 d7 9b d6 dd db 46
 sam_apdu1 write return 23 fd 7 

 sam apdu1 command: 02 12 10 02 04 f0 04 80 ca 00 00 09 81 8d 12 d7 9b d6 dd db 46 03 66

 ack= 06
02 
06 
10 
02 
04 
f0 
04 
90 
00 
03 

 delete dle 9 lrc 65
lrc 65

Authentication Message return: 

Init PSAM for Purchase cos: 80 70 00 00 24 4a c4 36 9a 18 97 00 00 00 00 09 20 20 01 07 16 53 39 01 00 00 01 00 00 06 c4 11 87 11 00 ff 00 00 00 00 00 

 sam_apdu1,index=4
 sam apdu1 command:
  80 70 00 00 24 4a c4 36 9a 18 97 00 00 00 00 09
  20 20 01 07 16 53 39 01 00 00 01 00 00 06 c4 11
  87 11 00 ff 00 00 00 00 00
 sam_apdu1 write return 50 fd 7 

 sam apdu1 command: 02 2d 10 02 04 f0 04 80 70 00 00 24 4a c4 36 9a 18 97 00 00 00 00 09 20 20 01 07 16 53 39 01 00 00 01 00 00 06 c4 11 87 11 00 ff 00 00 00 00 00 03 6e

 ack= 06
02 
0e 
10 
02 
04 
f0 
04 
00 
00 
0c 
26 
34 
6e 
9d 
01 
90 
00 
03 

 delete dle 17 lrc 81
lrc 81

Init PSAM for Purchase return: 00 00 0c 26 34 6e 9d 01 

Update Capp 1901 File cos: 80 dc 01 c8 42 01 40 03 15 00 01 76 5d 00 00 00 79 20 20 01 07 16 53 39 00 00 b4 00 00 00 00 00 01 00 00 00 00 00 00 00 00 00 00 00 00 00 00 00 00 00 00 00 00 00 00 00 00 00 00 00 00 00 00 00 00 00 00 00 00 00 00 
icmd : : 80DC01C842014003150001765D00000079202001071653390000B40000000000010000000000000000000000000000000000000000000000000000000000000000000000000000
  resv: : 9000

Update Capp 1901 File return: 

Update Capp 1902 File cos: 80 dc 02 c8 42 02 40 00 00 00 01 00 b8 ef c1 00 00 00 79 50 4f 0d 67 03 ca 20 20 01 07 0b 44 00 00 00 00 00 00 00 00 00 00 00 00 00 00 00 00 00 00 00 00 00 00 00 00 00 00 00 00 00 00 00 00 00 00 00 00 00 00 00 00 
icmd : : 80DC02C84202400000000100B8EFC100000079504F0D6703CA202001070B4400000000000000000000000000000000000000000000000000000000000000000000000000000000
  resv: : 9000

Update Capp 1902 File return: 

Debit for Capp Purchase cos: 80 54 01 00 0f 00 00 0c 26 20 20 01 07 16 53 39 34 6e 9d 01 
icmd : : 805401000F00000C2620200107165339346E9D01
  resv: : A7855716B46EBB1E9000

Debit for Capp Purchase return: a7 85 57 16 b4 6e bb 1e 

Credit PSAM for Purchase cos: 80 72 00 00 04 b4 6e bb 1e 

 sam_apdu1,index=4
 sam apdu1 command:
  80 72 00 00 04 b4 6e bb 1e
 sam_apdu1 write return 18 fd 7 

 sam apdu1 command: 02 0d 10 02 04 f0 04 80 72 00 00 04 b4 6e bb 1e 03 77

 ack= 06
02 
10 
02 
01 
05 
03 

 delete dle 5 lrc 07
lrc 07

Sim_Apdu return is fc 

Credit PSAM for Purchase sam_apdu error!

Create PSAM for Purchase failure!
505050505050
60606060606060
111111111111111111
44444444444444444

udsn can be used!
2222222222222222

Serial Send: 7d 02 61 10 08 43 00 02 00 00 00 00 00 00 00 b4 04 32 30 32 30 30 31 30 37 31 36 35 33 33 39 20 20 30 31 30 31 32 31 31 31 30 30 30 30 30 33 30 31 30 31 32 31 32 30 20 20 20 30 31 32 31 32 30 30 30 31 30 30 30 30 30 31 63 31 30 30 30 30 30 30 31 31 30 30 30 34 30 30 31 30 36 37 30 30 30 30 30 63 32 36 20 20 20 20 20 20 30 31 30 31 20 20 20 20 30 30 30 31 30 30 30 30 30 36 63 34 31 31 38 37 30 36 30 31 30 33 30 30 30 30 31 38 39 37 20 20 20 30 30 34 30 30 31 30 36 37 30 39 32 30 32 30 30 31 30 37 31 36 35 33 33 37 30 30 30 30 30 30 30 30 30 30 30 30 30 30 30 30 30 30 30 30 30 30 30 30 30 30 30 30 30 30 61 37 38 35 35 37 31 36 30 30 30 30 30 30 30 30 30 30 30 30 30 30 30 30 30 30 30 30 30 30 30 30 30 30 30 30 30 30 30 30 30 30 30 30 30 30 30 30 30 30 30 30 30 30 30 30 30 30 30 30 30 30 30 30 30 30 30 30 30 30 30 30 30 30 30 30 30 30 30 30 30 30 30 30 30 30 30 30 30 30 30 30 30 30 30 30 30 30 30 30 30 30 30 30 30 30 30 30 30 30 30 30 30 30 30 30 30 30 30 30 30 30 30 30 30 30 30 30 30 30 30 30 30 30 30 30 30 30 30 30 30 30 30 30 30 30 30 30 30 30 30 30 30 30 30 30 30 30 30 30 30 30 30 30 30 30 30 30 30 30 30 30 30 30 30 30 30 30 30 30 30 30 30 30 30 30 30 30 30 30 30 30 30 30 30 30 30 30 30 30 30 30 30 30 30 30 30 30 30 30 30 30 30 30 30 30 30 30 30 30 30 30 30 30 30 30 30 30 30 30 30 30 30 30 30 30 30 30 30 30 30 30 30 30 30 30 30 30 30 30 30 30 30 30 30 30 30 30 30 30 30 30 30 30 30 30 30 30 30 30 30 30 30 30 00 00 00 00 00 00 00 00 00 00 00 00 00 00 00 00 00 00 00 00 00 00 00 00 00 00 00 00 00 00 00 00 00 00 00 00 00 00 00 00 00 00 00 00 00 00 00 00 00 00 00 00 00 00 00 00 00 00 00 00 00 00 00 00 00 00 00 00 00 00 00 00 00 00 00 00 00 00 00 00 00 00 00 00 00 00 00 00 00 00 00 00 00 00 00 00 00 00 00 00 00 00 00 00 00 00 00 00 00 00 00 00 00 00 00 00 00 00 00 00 00 00 00 00 00 00 00 00 00 00 00 00 00 00 00 00 00 00 5d 57 7e 

Select CPU cos: 00 a4 04 00 08 a0 00 00 06 32 01 01 05 
icmd : : 00A4040008A000000632010105
  resv: : 6A82

Select CPU cos: 00 a4 00 00 02 3f 00 
icmd : : 00A40000023F00
  resv: : 6F15840E315041592E5359532E4444463031A5038801019000

Select CPU return: 6f 15 84 0e 31 50 41 59 2e 53 59 53 2e 44 44 46 30 31 a5 03 88 01 01 

Read 05 File cos: 00 b0 85 00 00 
icmd : : 00B0850000
  resv: : 00011100000300010001000006C4118700012019012100000000000300019000

Read 05 File return: 00 01 11 00 00 03 00 01 00 01 00 00 06 c4 11 87 00 01 20 19 01 21 00 00 00 00 00 03 00 01 
11111111111111111111111
111111111110
111111111111

Select CPU cos: 00 a4 00 00 02 10 01 
icmd : : 00A40000021001
  resv: : 6F2E8409A00000000386980701A5219F0C1E0001110000030000030111000001000006C41187201909262029092300009000

Select CPU return: 6f 2e 84 09 a0 00 00 00 03 86 98 07 01 a5 21 9f 0c 1e 00 01 11 00 00 03 00 00 03 01 11 00 00 01 00 00 06 c4 11 87 20 19 09 26 20 29 09 23 00 00 

Get Balance cos: 80 5c 00 02 04 
icmd : : 805C000204
  resv: : 000000009000

Get Balance return: 00 00 00 00 

Read 15 File cos: 00 b0 95 00 00 
icmd : : 00B0950000
  resv: : 0001110000030000030111000001000006C41187201909262029092300009000

Read 15 File return: 00 01 11 00 00 03 00 00 03 01 11 00 00 01 00 00 06 c4 11 87 20 19 09 26 20 29 09 23 00 00 

Read 16 File cos: 00 b0 96 00 00 
icmd : : 00B0960000
  resv: : 0000000000000000000000000000000000000000000000000000000000000000000000000000000000000000000000000000000000000007D000000000000000000000000000000000000000000000009000

Read 16 File return: 00 00 00 00 00 00 00 00 00 00 00 00 00 00 00 00 00 00 00 00 00 00 00 00 00 00 00 00 00 00 00 00 00 00 00 00 00 00 00 00 00 00 00 00 00 00 00 00 00 00 00 00 00 00 00 07 d0 00 00 00 00 00 00 00 00 00 00 00 00 00 00 00 00 00 00 00 00 00 00 00 

Read 18 File cos: 00 b2 01 c4 00 
icmd : : 00B201C400
  resv: : 18980000000000000009110004001067202001071653399000

Read 18 File return: 18 98 00 00 00 00 00 00 00 09 11 00 04 00 10 67 20 20 01 07 16 53 39 

Read 18 File cos: 00 b2 02 c4 00 
icmd : : 00B202C400
  resv: : 18970000000000000009110004001067202001071653379000

Read 18 File return: 18 97 00 00 00 00 00 00 00 09 11 00 04 00 10 67 20 20 01 07 16 53 37 

Read 18 File cos: 00 b2 03 c4 00 
icmd : : 00B203C400
  resv: : 18960000000000000009110004001067202001071653369000

Read 18 File return: 18 96 00 00 00 00 00 00 00 09 11 00 04 00 10 67 20 20 01 07 16 53 36 

Read 18 File cos: 00 b2 04 c4 00 
icmd : : 00B204C400
  resv: : 18950000000000000009110004001067202001071653359000

Read 18 File return: 18 95 00 00 00 00 00 00 00 09 11 00 04 00 10 67 20 20 01 07 16 53 35 

Read 18 File cos: 00 b2 05 c4 00 
icmd : : 00B205C400
  resv: : 18940000000000000009110004001067202001071653339000

Read 18 File return: 18 94 00 00 00 00 00 00 00 09 11 00 04 00 10 67 20 20 01 07 16 53 33 

Read 18 File cos: 00 b2 06 c4 00 
icmd : : 00B206C400
  resv: : 18930000000000000009110004001067202001071653329000

Read 18 File return: 18 93 00 00 00 00 00 00 00 09 11 00 04 00 10 67 20 20 01 07 16 53 32 

Read 18 File cos: 00 b2 07 c4 00 
icmd : : 00B207C400
  resv: : 18920000000000000009110004001067202001071653309000

Read 18 File return: 18 92 00 00 00 00 00 00 00 09 11 00 04 00 10 67 20 20 01 07 16 53 30 

Read 18 File cos: 00 b2 08 c4 00 
icmd : : 00B208C400
  resv: : 18910000000000000009110004001067202001071653299000

Read 18 File return: 18 91 00 00 00 00 00 00 00 09 11 00 04 00 10 67 20 20 01 07 16 53 29 

Read 18 File cos: 00 b2 09 c4 00 
icmd : : 00B209C400
  resv: : 18900000000000000009110004001067202001071653279000

Read 18 File return: 18 90 00 00 00 00 00 00 00 09 11 00 04 00 10 67 20 20 01 07 16 53 27 

Read 18 File cos: 00 b2 0a c4 00 
icmd : : 00B20AC400
  resv: : 188F0000000000000009110004001067202001071653259000

Read 18 File return: 18 8f 00 00 00 00 00 00 00 09 11 00 04 00 10 67 20 20 01 07 16 53 25 

Read 1901 File cos: 00 b2 01 cc 00 
icmd : : 00B201CC00
  resv: : 014003150001765D00000079202001071653390000B400000000000100000000000000000000000000000000000000000000000000000000000000000000000000009000

Read 1901 File return: 01 40 03 15 00 01 76 5d 00 00 00 79 20 20 01 07 16 53 39 00 00 b4 00 00 00 00 00 01 00 00 00 00 00 00 00 00 00 00 00 00 00 00 00 00 00 00 00 00 00 00 00 00 00 00 00 00 00 00 00 00 00 00 00 00 00 00 

Read 1902 File cos: 00 b2 02 cc 00 
icmd : : 00B202CC00
  resv: : 02400000000100B8EFC100000079504F0D6703CA202001070B44000000000000000000000000000000000000000000000000000000000000000000000000000000009000

Read 1902 File return: 02 40 00 00 00 01 00 b8 ef c1 00 00 00 79 50 4f 0d 67 03 ca 20 20 01 07 0b 44 00 00 00 00 00 00 00 00 00 00 00 00 00 00 00 00 00 00 00 00 00 00 00 00 00 00 00 00 00 00 00 00 00 00 00 00 00 00 00 00 

ucCardLastSequence is 18 98 

ucCardLastReseved is 00 00 00 

ucCardLastTradeValue is 00 00 00 00 

ucCardLastTradeType is 09 

ucCardLastTerminalPsamID is 11 00 04 00 10 67 

ucCardLastTradeTime is 20 20 01 07 16 53 39 

ucCardLastRechargeSequence is 00 00 

ucCardLastRechargeReseved is 00 00 00 

ucCardLastRechargeTradeValue is 00 00 00 00 

ucCardLastRechargeTradeType is 00 

ucCardLastRechargeTerminalPsamID is 00 00 00 00 00 00 

ucCardLastRechargeTradeTime is 00 00 00 00 00 00 00 

ucCardLastConsumeSequence is 18 98 

ucCardLastConsumeReseved is 00 00 00 

ucCardLastConsumeTradeValue is 00 00 00 00 

ucCardLastConsumeTradeType is 09 

ucCardLastConsumeTerminalPsamID is 11 00 04 00 10 67 

ucCardLastConsumeTradeTime is 20 20 01 07 16 53 39 

Serial Received: 7d 00 00 10 0a 2a 8c 8c 7e 

Serial Send: 7d 00 31 10 0a 2b 00 01 00 00 00 01 00 00 06 c4 11 87 01 07 d0 01 00 00 00 00 00 00 b4 03 20 19 09 26 00 00 00 20 29 09 23 00 00 00 01 01 21 20 20 01 07 16 53 36 00 06 11 7e 

Select CPU cos: 00 a4 04 00 08 a0 00 00 06 32 01 01 05 
icmd : : 00A4040008A000000632010105
  resv: : 6A82

Select CPU cos: 00 a4 00 00 02 3f 00 
icmd : : 00A40000023F00
  resv: : 6F15840E315041592E5359532E4444463031A5038801019000

Select CPU return: 6f 15 84 0e 31 50 41 59 2e 53 59 53 2e 44 44 46 30 31 a5 03 88 01 01 

Read 05 File cos: 00 b0 85 00 00 
icmd : : 00B0850000
  resv: : 00011100000300010001000006C4118700012019012100000000000300019000

Read 05 File return: 00 01 11 00 00 03 00 01 00 01 00 00 06 c4 11 87 00 01 20 19 01 21 00 00 00 00 00 03 00 01 
11111111111111111111111
111111111110
111111111111

Select CPU cos: 00 a4 00 00 02 10 01 
icmd : : 00A40000021001
  resv: : 6F2E8409A00000000386980701A5219F0C1E0001110000030000030111000001000006C41187201909262029092300009000

Select CPU return: 6f 2e 84 09 a0 00 00 00 03 86 98 07 01 a5 21 9f 0c 1e 00 01 11 00 00 03 00 00 03 01 11 00 00 01 00 00 06 c4 11 87 20 19 09 26 20 29 09 23 00 00 

Get Balance cos: 80 5c 00 02 04 
icmd : : 805C000204
  resv: : 000000009000

Get Balance return: 00 00 00 00 

Read 15 File cos: 00 b0 95 00 00 
icmd : : 00B0950000
  resv: : 0001110000030000030111000001000006C41187201909262029092300009000

Read 15 File return: 00 01 11 00 00 03 00 00 03 01 11 00 00 01 00 00 06 c4 11 87 20 19 09 26 20 29 09 23 00 00 

Read 16 File cos: 00 b0 96 00 00 
icmd : : 00B0960000
  resv: : 0000000000000000000000000000000000000000000000000000000000000000000000000000000000000000000000000000000000000007D000000000000000000000000000000000000000000000009000

Read 16 File return: 00 00 00 00 00 00 00 00 00 00 00 00 00 00 00 00 00 00 00 00 00 00 00 00 00 00 00 00 00 00 00 00 00 00 00 00 00 00 00 00 00 00 00 00 00 00 00 00 00 00 00 00 00 00 00 07 d0 00 00 00 00 00 00 00 00 00 00 00 00 00 00 00 00 00 00 00 00 00 00 00 

Read 18 File cos: 00 b2 01 c4 00 
icmd : : 00B201C400
  resv: : 18980000000000000009110004001067202001071653399000

Read 18 File return: 18 98 00 00 00 00 00 00 00 09 11 00 04 00 10 67 20 20 01 07 16 53 39 

Read 18 File cos: 00 b2 02 c4 00 
icmd : : 00B202C400
  resv: : 18970000000000000009110004001067202001071653379000

Read 18 File return: 18 97 00 00 00 00 00 00 00 09 11 00 04 00 10 67 20 20 01 07 16 53 37 

Read 18 File cos: 00 b2 03 c4 00 
icmd : : 00B203C400
  resv: : 18960000000000000009110004001067202001071653369000

Read 18 File return: 18 96 00 00 00 00 00 00 00 09 11 00 04 00 10 67 20 20 01 07 16 53 36 

Read 18 File cos: 00 b2 04 c4 00 
icmd : : 00B204C400
  resv: : 18950000000000000009110004001067202001071653359000

Read 18 File return: 18 95 00 00 00 00 00 00 00 09 11 00 04 00 10 67 20 20 01 07 16 53 35 

Read 18 File cos: 00 b2 05 c4 00 
icmd : : 00B205C400
  resv: : 18940000000000000009110004001067202001071653339000

Read 18 File return: 18 94 00 00 00 00 00 00 00 09 11 00 04 00 10 67 20 20 01 07 16 53 33 

Read 18 File cos: 00 b2 06 c4 00 
icmd : : 00B206C400
  resv: : 18930000000000000009110004001067202001071653329000

Read 18 File return: 18 93 00 00 00 00 00 00 00 09 11 00 04 00 10 67 20 20 01 07 16 53 32 

Read 18 File cos: 00 b2 07 c4 00 
icmd : : 00B207C400
  resv: : 18920000000000000009110004001067202001071653309000

Read 18 File return: 18 92 00 00 00 00 00 00 00 09 11 00 04 00 10 67 20 20 01 07 16 53 30 

Read 18 File cos: 00 b2 08 c4 00 
icmd : : 00B208C400
  resv: : 18910000000000000009110004001067202001071653299000

Read 18 File return: 18 91 00 00 00 00 00 00 00 09 11 00 04 00 10 67 20 20 01 07 16 53 29 

Read 18 File cos: 00 b2 09 c4 00 
icmd : : 00B209C400
  resv: : 18900000000000000009110004001067202001071653279000

Read 18 File return: 18 90 00 00 00 00 00 00 00 09 11 00 04 00 10 67 20 20 01 07 16 53 27 

Read 18 File cos: 00 b2 0a c4 00 
icmd : : 00B20AC400
  resv: : 188F0000000000000009110004001067202001071653259000

Read 18 File return: 18 8f 00 00 00 00 00 00 00 09 11 00 04 00 10 67 20 20 01 07 16 53 25 

Read 1901 File cos: 00 b2 01 cc 00 
icmd : : 00B201CC00
  resv: : 014003150001765D00000079202001071653390000B400000000000100000000000000000000000000000000000000000000000000000000000000000000000000009000

Read 1901 File return: 01 40 03 15 00 01 76 5d 00 00 00 79 20 20 01 07 16 53 39 00 00 b4 00 00 00 00 00 01 00 00 00 00 00 00 00 00 00 00 00 00 00 00 00 00 00 00 00 00 00 00 00 00 00 00 00 00 00 00 00 00 00 00 00 00 00 00 

Read 1902 File cos: 00 b2 02 cc 00 
icmd : : 00B202CC00
  resv: : 02400000000100B8EFC100000079504F0D6703CA202001070B44000000000000000000000000000000000000000000000000000000000000000000000000000000009000

Read 1902 File return: 02 40 00 00 00 01 00 b8 ef c1 00 00 00 79 50 4f 0d 67 03 ca 20 20 01 07 0b 44 00 00 00 00 00 00 00 00 00 00 00 00 00 00 00 00 00 00 00 00 00 00 00 00 00 00 00 00 00 00 00 00 00 00 00 00 00 00 00 00 

ucCardLastSequence is 18 98 

ucCardLastReseved is 00 00 00 

ucCardLastTradeValue is 00 00 00 00 

ucCardLastTradeType is 09 

ucCardLastTerminalPsamID is 11 00 04 00 10 67 

ucCardLastTradeTime is 20 20 01 07 16 53 39 

ucCardLastRechargeSequence is 00 00 

ucCardLastRechargeReseved is 00 00 00 

ucCardLastRechargeTradeValue is 00 00 00 00 

ucCardLastRechargeTradeType is 00 

ucCardLastRechargeTerminalPsamID is 00 00 00 00 00 00 

ucCardLastRechargeTradeTime is 00 00 00 00 00 00 00 

ucCardLastConsumeSequence is 18 98 

ucCardLastConsumeReseved is 00 00 00 

ucCardLastConsumeTradeValue is 00 00 00 00 

ucCardLastConsumeTradeType is 09 

ucCardLastConsumeTerminalPsamID is 11 00 04 00 10 67 

ucCardLastConsumeTradeTime is 20 20 01 07 16 53 39 

Serial Received: 7d 00 08 10 0c 44 30 30 30 30 30 31 63 32 21 56 7e 

Biz Exit Station!!!

TypeA Exit!

Get Message cos: 80 ca 00 00 09 
icmd : : 80CA000009
  resv: : 818D12D79BD6DDDB469000

Get Message return: 81 8d 12 d7 9b d6 dd db 46 

Init for Capp Purchase cos: 80 50 03 02 0b 01 00 00 00 00 11 00 04 00 10 67 0f 
icmd : : 805003020B01000000001100040010670F
  resv: : 000000001898000000010014BB7FFF9000

Init for Capp Purchase return: 00 00 00 00 18 98 00 00 00 01 00 14 bb 7f ff 

Authentication Message cos: 80 ca 00 00 09 81 8d 12 d7 9b d6 dd db 46 

 sam_apdu1,index=4
 sam apdu1 command:
  80 ca 00 00 09 81 8d 12 d7 9b d6 dd db 46
 sam_apdu1 write return 23 fd 7 

 sam apdu1 command: 02 12 10 02 04 f0 04 80 ca 00 00 09 81 8d 12 d7 9b d6 dd db 46 03 66

 ack= 06
02 
06 
10 
02 
04 
f0 
04 
90 
00 
03 

 delete dle 9 lrc 65
lrc 65

Authentication Message return: 

Init PSAM for Purchase cos: 80 70 00 00 24 14 bb 7f ff 18 98 00 00 00 00 09 20 20 01 07 16 53 40 01 00 00 01 00 00 06 c4 11 87 11 00 ff 00 00 00 00 00 

 sam_apdu1,index=4
 sam apdu1 command:
  80 70 00 00 24 14 bb 7f ff 18 98 00 00 00 00 09
  20 20 01 07 16 53 40 01 00 00 01 00 00 06 c4 11
  87 11 00 ff 00 00 00 00 00
 sam_apdu1 write return 50 fd 7 

 sam apdu1 command: 02 2d 10 02 04 f0 04 80 70 00 00 24 14 bb 7f ff 18 98 00 00 00 00 09 20 20 01 07 16 53 40 01 00 00 01 00 00 06 c4 11 87 11 00 ff 00 00 00 00 00 03 15

 ack= 06
02 
0e 
10 
02 
04 
f0 
04 
00 
00 
0c 
27 
be 
1e 
10 
03 
c6 
90 
00 
03 

 delete dle 17 lrc 23
lrc 23

Init PSAM for Purchase return: 00 00 0c 27 be 1e 03 c6 

Update Capp 1901 File cos: 80 dc 01 c8 42 01 40 03 16 00 01 76 5d 00 00 00 79 20 20 01 07 16 53 40 00 00 b4 00 00 00 00 00 01 00 00 00 00 00 00 00 00 00 00 00 00 00 00 00 00 00 00 00 00 00 00 00 00 00 00 00 00 00 00 00 00 00 00 00 00 00 00 
icmd : : 80DC01C842014003160001765D00000079202001071653400000B40000000000010000000000000000000000000000000000000000000000000000000000000000000000000000
  resv: : 9000

Update Capp 1901 File return: 

Update Capp 1902 File cos: 80 dc 02 c8 42 02 40 00 00 00 00 00 b8 ef c1 00 00 00 79 50 4f 0d 68 03 cb 20 20 01 07 0b 45 00 00 00 00 00 00 00 00 00 00 00 00 00 00 00 00 00 00 00 00 00 00 00 00 00 00 00 00 00 00 00 00 00 00 00 00 00 00 00 00 
icmd : : 80DC02C84202400000000000B8EFC100000079504F0D6803CB202001070B4500000000000000000000000000000000000000000000000000000000000000000000000000000000
  resv: : 9000

Update Capp 1902 File return: 

Debit for Capp Purchase cos: 80 54 01 00 0f 00 00 0c 27 20 20 01 07 16 53 40 be 1e 03 c6 
icmd : : 805401000F00000C2720200107165340BE1E03C6
  resv: : C2DC36DD4A89A9E89000

Debit for Capp Purchase return: c2 dc 36 dd 4a 89 a9 e8 

Credit PSAM for Purchase cos: 80 72 00 00 04 4a 89 a9 e8 

 sam_apdu1,index=4
 sam apdu1 command:
  80 72 00 00 04 4a 89 a9 e8
 sam_apdu1 write return 18 fd 7 

 sam apdu1 command: 02 0d 10 02 04 f0 04 80 72 00 00 04 4a 89 a9 e8 03 8a

 ack= 06
02 
10 
02 
01 
05 
03 

 delete dle 5 lrc 07
lrc 07

Sim_Apdu return is fc 

Credit PSAM for Purchase sam_apdu error!

Create PSAM for Purchase failure!

udsn can be used!

Serial Send: 7d 02 61 10 0c 45 00 02 00 00 00 00 00 00 00 b4 02 32 30 32 30 30 31 30 37 31 36 35 33 33 39 20 20 30 31 30 31 32 31 31 31 30 30 30 30 30 33 30 31 30 31 32 31 32 30 20 20 20 30 31 32 31 32 30 30 30 31 30 30 30 30 30 31 63 31 30 30 30 30 30 30 31 31 30 30 30 34 30 30 31 30 36 37 30 30 30 30 30 63 32 36 20 20 20 20 20 20 30 31 30 31 20 20 20 20 30 30 30 31 30 30 30 30 30 36 63 34 31 31 38 37 30 36 30 31 30 33 30 30 30 30 31 38 39 37 20 20 20 30 30 34 30 30 31 30 36 37 30 39 32 30 32 30 30 31 30 37 31 36 35 33 33 37 30 30 30 30 30 30 30 30 30 30 30 30 30 30 30 30 30 30 30 30 30 30 30 30 30 30 30 30 30 30 61 37 38 35 35 37 31 36 30 30 32 30 32 30 30 31 30 37 31 36 35 33 34 30 20 20 30 31 30 31 30 36 31 31 30 30 30 30 30 33 30 31 30 31 32 31 32 30 20 20 20 30 31 32 31 32 30 30 30 31 30 30 30 30 30 31 63 32 30 30 30 30 30 30 31 31 30 30 30 34 30 30 31 30 36 37 30 30 30 30 30 63 32 37 20 20 20 20 20 20 30 31 30 31 20 20 20 20 30 30 30 31 30 30 30 30 30 36 63 34 31 31 38 37 30 36 30 31 30 33 30 30 30 30 31 38 39 38 20 33 30 30 30 31 30 30 30 30 30 36 63 34 31 31 38 37 30 30 30 30 30 30 30 30 30 30 30 30 30 30 30 30 20 20 20 30 30 34 30 30 31 30 36 37 30 39 32 30 32 30 30 31 30 37 31 36 35 33 33 39 30 30 30 30 30 30 30 30 30 30 30 30 30 30 30 30 30 30 30 30 30 30 30 30 30 30 30 30 30 30 32 30 32 30 30 31 30 37 31 36 35 33 33 36 20 20 20 30 31 32 31 32 30 30 30 31 30 31 32 31 30 30 62 34 63 32 64 63 33 36 64 64 30 30 00 00 00 00 00 00 00 00 00 00 00 00 00 00 00 00 00 00 00 00 00 00 00 00 00 00 00 00 00 00 00 00 00 00 00 00 00 00 00 00 00 00 00 00 00 00 00 00 00 00 00 00 00 00 00 00 00 00 00 00 00 00 00 00 00 00 00 00 00 00 00 00 00 00 00 00 00 00 00 00 00 00 00 00 00 00 00 00 00 00 00 00 00 00 00 00 00 00 00 00 00 00 00 00 00 00 00 00 00 00 00 00 00 00 00 00 00 00 00 00 00 00 00 00 00 00 00 00 00 00 00 00 00 00 00 00 00 00 a2 30 7e 

Select CPU cos: 00 a4 04 00 08 a0 00 00 06 32 01 01 05 
icmd : : 00A4040008A000000632010105
  resv: : 6A82

Select CPU cos: 00 a4 00 00 02 3f 00 
icmd : : 00A40000023F00
  resv: : 6F15840E315041592E5359532E4444463031A5038801019000

Select CPU return: 6f 15 84 0e 31 50 41 59 2e 53 59 53 2e 44 44 46 30 31 a5 03 88 01 01 

Read 05 File cos: 00 b0 85 00 00 
icmd : : 00B0850000
  resv: : 00011100000300010001000006C4118700012019012100000000000300019000

Read 05 File return: 00 01 11 00 00 03 00 01 00 01 00 00 06 c4 11 87 00 01 20 19 01 21 00 00 00 00 00 03 00 01 
11111111111111111111111
111111111110
111111111111

Select CPU cos: 00 a4 00 00 02 10 01 
icmd : : 00A40000021001
  resv: : 6F2E8409A00000000386980701A5219F0C1E0001110000030000030111000001000006C41187201909262029092300009000

Select CPU return: 6f 2e 84 09 a0 00 00 00 03 86 98 07 01 a5 21 9f 0c 1e 00 01 11 00 00 03 00 00 03 01 11 00 00 01 00 00 06 c4 11 87 20 19 09 26 20 29 09 23 00 00 

Get Balance cos: 80 5c 00 02 04 
icmd : : 805C000204
  resv: : 000000009000

Get Balance return: 00 00 00 00 

Read 15 File cos: 00 b0 95 00 00 
icmd : : 00B0950000
  resv: : 0001110000030000030111000001000006C41187201909262029092300009000

Read 15 File return: 00 01 11 00 00 03 00 00 03 01 11 00 00 01 00 00 06 c4 11 87 20 19 09 26 20 29 09 23 00 00 

Read 16 File cos: 00 b0 96 00 00 
icmd : : 00B0960000
  resv: : 0000000000000000000000000000000000000000000000000000000000000000000000000000000000000000000000000000000000000007D000000000000000000000000000000000000000000000009000

Read 16 File return: 00 00 00 00 00 00 00 00 00 00 00 00 00 00 00 00 00 00 00 00 00 00 00 00 00 00 00 00 00 00 00 00 00 00 00 00 00 00 00 00 00 00 00 00 00 00 00 00 00 00 00 00 00 00 00 07 d0 00 00 00 00 00 00 00 00 00 00 00 00 00 00 00 00 00 00 00 00 00 00 00 

Read 18 File cos: 00 b2 01 c4 00 
icmd : : 00B201C400
  resv: : 18990000000000000009110004001067202001071653409000

Read 18 File return: 18 99 00 00 00 00 00 00 00 09 11 00 04 00 10 67 20 20 01 07 16 53 40 

Read 18 File cos: 00 b2 02 c4 00 
icmd : : 00B202C400
  resv: : 18980000000000000009110004001067202001071653399000

Read 18 File return: 18 98 00 00 00 00 00 00 00 09 11 00 04 00 10 67 20 20 01 07 16 53 39 

Read 18 File cos: 00 b2 03 c4 00 
icmd : : 00B203C400
  resv: : 18970000000000000009110004001067202001071653379000

Read 18 File return: 18 97 00 00 00 00 00 00 00 09 11 00 04 00 10 67 20 20 01 07 16 53 37 

Read 18 File cos: 00 b2 04 c4 00 
icmd : : 00B204C400
  resv: : 18960000000000000009110004001067202001071653369000

Read 18 File return: 18 96 00 00 00 00 00 00 00 09 11 00 04 00 10 67 20 20 01 07 16 53 36 

Read 18 File cos: 00 b2 05 c4 00 
icmd : : 00B205C400
  resv: : 18950000000000000009110004001067202001071653359000

Read 18 File return: 18 95 00 00 00 00 00 00 00 09 11 00 04 00 10 67 20 20 01 07 16 53 35 

Read 18 File cos: 00 b2 06 c4 00 
icmd : : 00B206C400
  resv: : 18940000000000000009110004001067202001071653339000

Read 18 File return: 18 94 00 00 00 00 00 00 00 09 11 00 04 00 10 67 20 20 01 07 16 53 33 

Read 18 File cos: 00 b2 07 c4 00 
icmd : : 00B207C400
  resv: : 18930000000000000009110004001067202001071653329000

Read 18 File return: 18 93 00 00 00 00 00 00 00 09 11 00 04 00 10 67 20 20 01 07 16 53 32 

Read 18 File cos: 00 b2 08 c4 00 
icmd : : 00B208C400
  resv: : 18920000000000000009110004001067202001071653309000

Read 18 File return: 18 92 00 00 00 00 00 00 00 09 11 00 04 00 10 67 20 20 01 07 16 53 30 

Read 18 File cos: 00 b2 09 c4 00 
icmd : : 00B209C400
  resv: : 18910000000000000009110004001067202001071653299000

Read 18 File return: 18 91 00 00 00 00 00 00 00 09 11 00 04 00 10 67 20 20 01 07 16 53 29 

Read 18 File cos: 00 b2 0a c4 00 
icmd : : 00B20AC400
  resv: : 18900000000000000009110004001067202001071653279000

Read 18 File return: 18 90 00 00 00 00 00 00 00 09 11 00 04 00 10 67 20 20 01 07 16 53 27 

Read 1901 File cos: 00 b2 01 cc 00 
icmd : : 00B201CC00
  resv: : 014003160001765D00000079202001071653400000B400000000000100000000000000000000000000000000000000000000000000000000000000000000000000009000

Read 1901 File return: 01 40 03 16 00 01 76 5d 00 00 00 79 20 20 01 07 16 53 40 00 00 b4 00 00 00 00 00 01 00 00 00 00 00 00 00 00 00 00 00 00 00 00 00 00 00 00 00 00 00 00 00 00 00 00 00 00 00 00 00 00 00 00 00 00 00 00 

Read 1902 File cos: 00 b2 02 cc 00 
icmd : : 00B202CC00
  resv: : 02400000000100B8EFC100000079504F0D6703CA202001070B44000000000000000000000000000000000000000000000000000000000000000000000000000000009000

Read 1902 File return: 02 40 00 00 00 01 00 b8 ef c1 00 00 00 79 50 4f 0d 67 03 ca 20 20 01 07 0b 44 00 00 00 00 00 00 00 00 00 00 00 00 00 00 00 00 00 00 00 00 00 00 00 00 00 00 00 00 00 00 00 00 00 00 00 00 00 00 00 00 

ucCardLastSequence is 18 99 

ucCardLastReseved is 00 00 00 

ucCardLastTradeValue is 00 00 00 00 

ucCardLastTradeType is 09 

ucCardLastTerminalPsamID is 11 00 04 00 10 67 

ucCardLastTradeTime is 20 20 01 07 16 53 40 

ucCardLastRechargeSequence is 00 00 

ucCardLastRechargeReseved is 00 00 00 

ucCardLastRechargeTradeValue is 00 00 00 00 

ucCardLastRechargeTradeType is 00 

ucCardLastRechargeTerminalPsamID is 00 00 00 00 00 00 

ucCardLastRechargeTradeTime is 00 00 00 00 00 00 00 

ucCardLastConsumeSequence is 18 99 

ucCardLastConsumeReseved is 00 00 00 

ucCardLastConsumeTradeValue is 00 00 00 00 

ucCardLastConsumeTradeType is 09 

ucCardLastConsumeTerminalPsamID is 11 00 04 00 10 67 

ucCardLastConsumeTradeTime is 20 20 01 07 16 53 40 

Serial Received: 7d 00 00 10 0e 2a 8e 4c 7e 

Serial Send: 7d 00 31 10 0e 2b 00 01 00 00 00 01 00 00 06 c4 11 87 01 07 d0 01 00 00 00 00 00 00 b4 03 20 19 09 26 00 00 00 20 29 09 23 00 00 00 01 01 21 20 20 01 07 16 53 36 00 b1 67 7e 
../src/QRCode.cpp QRCodeReplyRecv 1817 error!!!